
strategic_region={
	id=109
	name="Cuba"
	provinces={
		945 1148 1241 1533 1759 2116 2421 2450 2495 2552 2683 2792 3475 3581 3643 3682 3787 3829 3916 3933 4040 4050 4051 4082 4195 4262 4360 7359 7361 7362 7365 7367 7369 7370 7372 7377 7379 7384 7385 7389 7397 7398 7399 7400 7403 7406 7407 7408 7413 7416 7417 7418 7420 7431 7432 7433 7435 7438 7444 7446 7455 7458 7460 7470 7475 7477 7478 7479 7480 7492 7494 7495 7508 7509 7511 8186 8188 8190 8191 8723 8807 8976 9195 9294 9388 9605 9606 9609 
	}
	naval_terrain=water_fjords
	weather={
	}
}
