
strategic_region={
	id=12
	name="Nunavut"
	provinces={
		2 5 9 16 17 19 37 45 53 61 74 75 83 96 100 101 103 117 121 130 135 136 145 148 153 182 192 194 226 238 244 259 261 262 271 275 282 291 298 301 306 339 343 344 360 363 364 382 390 400 446 466 467 468 470 478 485 493 500 502 508 513 515 521 531 534 549 555 566 568 581 583 590 611 619 623 628 631 634 676 677 680 682 692 703 707 708 727 740 763 768 776 778 799 801 824 833 861 868 881 892 913 922 939 977 980 982 1038 1043 1045 1047 1049 1073 1079 1081 1102 1109 1129 1154 1155 1161 1176 1179 1181 1200 1210 1216 1234 1263 1277 1293 1295 1299 1300 1312 1332 1349 1364 1404 1425 1428 1483 1497 1515 1520 1528 1535 1553 1583 1592 1628 1683 1705 1710 1727 1728 1733 1745 1757 1769 1779 1782 1822 1830 1841 1974 2003 2005 2087 2151 2182 2212 2218 2246 2253 2465 2513 2523 2528 2564 2586 2695 2748 2833 2845 2847 2934 2967 3004 3017 3075 3090 3153 3182 3298 3331 3417 3424 3567 3573 3673 3694 3696 3732 3799 3843 3861 3911 3928 4101 4270 4289 4374 4375 4379 4380 4383 4386 4387 4388 4397 4398 4399 4406 4412 4418 4420 4425 4426 4431 4433 4434 4438 4439 4440 4442 4445 4450 4452 4458 4459 4461 4462 4463 4464 4467 4471 4480 4488 4555 7826 7831 7835 7841 7844 7845 7850 7851 7853 7857 7859 7860 7861 7862 7863 7865 7868 7869 7870 7873 7881 7887 7891 7894 7896 7898 7899 7900 7901 7902 7904 7907 7908 7909 7911 7912 7914 7915 7916 7917 7918 7920 7922 7923 7925 7926 7929 7932 7938 7940 7943 7944 7945 7947 7948 7954 7958 7961 7962 7963 7964 7966 7967 7969 7970 7971 7972 7974 7981 7983 7984 7990 7993 7999 8002 8009 8016 8017 8018 8020 8028 8029 8032 8049 8070 8072 8087 9683 9747 9769 9790 9791 9847 9849 9850 9852 9853 9854 9930 
	}
	weather={
	}
}
