
strategic_region={
	id=124
	name="Northern Passages"
	provinces={
		15414 15480 15534 15547 15575 15581 15588 15596 15624 15631 15649 15663 15669 15720 15755 15787 15796 15805 15840 15852 15861 15934 15958 15976 15995 16000 16023 16033 16043 16085 16118 16129 16160 16162 16163 16216 16224 16236 16246 16249 16251 16257 16284 16303 16384 16399 16403 16409 16413 16418 16421 16422 16438 16453 16464 16465 16466 16487 16492 16505 16520 16521 16531 16537 16558 16575 16587 16636 16642 16684 16685 16687 16691 16694 16696 
	}
	naval_terrain=water_fjords
	weather={
	}
}
