
strategic_region={
	id=126
	name="STRATEGICREGION_126"
	provinces={
		15421 15429 15436 15438 15443 15447 15450 15454 15458 15463 15490 15493 15501 15502 15505 15508 15509 15513 15518 15527 15531 15541 15542 15548 15551 15559 15562 15563 15572 15574 15584 15595 15611 15615 15617 15629 15634 15638 15642 15645 15650 15652 15662 15670 15678 15680 15687 15698 15700 15702 15706 15724 15728 15738 15741 15751 15762 15764 15766 15767 15777 15786 15790 15795 15797 15799 15804 15806 15808 15811 15820 15822 15828 15829 15833 15836 15841 15848 15864 15867 15869 15872 15885 15892 15896 15898 15908 15909 15921 15924 15926 15927 15931 15935 15941 15942 15944 15948 15961 15964 15966 15968 15975 15977 15978 15986 15992 15994 15996 16014 16018 16019 16022 16024 16031 16040 16046 16054 16066 16073 16077 16083 16088 16097 16104 16111 16122 16127 16133 16134 16146 16148 16149 16150 16154 16167 16170 16173 16175 16179 16187 16188 16197 16201 16208 16211 16213 16222 16268 16275 16276 16281 16287 16293 16312 16314 16319 16331 16334 16337 16338 16345 16352 16353 16359 16360 16362 16363 16375 16380 16381 16388 16392 16393 16395 16398 16406 16410 16411 16427 16430 16433 16434 16440 16445 16446 16459 16467 16476 16477 16480 16485 16486 16515 16538 16553 16554 16555 16559 16562 16564 16565 16570 16591 16603 16610 16611 16612 16619 16620 16622 16630 16631 16635 16637 16639 16640 16641 16647 16649 16652 16662 16663 16664 16665 16666 16667 16668 16669 16670 16671 16672 16673 16674 16675 16676 16677 16678 16679 16680 16682 
	}
	naval_terrain=water_deep_ocean
	weather={
	}
}
