
strategic_region={
	id=127
	name="Coast of Greenland"
	provinces={
		94 954 984 7819 7820 7821 7822 7823 7825 7827 7828 7829 7830 7832 7833 7834 7836 7837 7839 7840 7843 7847 7848 7852 7854 7864 7866 7867 7871 7876 7877 7878 7879 7880 7882 7884 7885 7886 7889 7890 7895 7897 7919 7921 7928 7935 7946 7949 7950 7951 7952 7953 7955 7956 7957 7959 7985 7986 7988 7989 7992 7996 8243 8308 8310 8323 8376 8381 8390 8392 8425 8440 8469 8483 8504 8517 8532 8536 8546 8550 8569 8586 8623 8642 8651 8656 8657 8663 8687 8692 8697 8706 8722 8731 8756 8763 8775 8796 8838 8866 9005 9029 9056 9063 9065 9067 9075 9078 9083 9101 9104 9105 9119 9126 9146 9148 9159 9167 9179 9181 9185 9208 9222 9234 9245 9282 9283 9329 9349 9350 9373 9399 9400 9404 9405 9416 9425 9427 9447 9451 9462 9469 9470 9474 9482 9483 9501 9510 9524 9538 9550 9555 9572 9655 9658 9663 9665 
	}
	naval_terrain=water_fjords
	weather={
	}
}
