
strategic_region={
	id=143
	name="Mid Atlantic Gap"
	provinces={
		15453 15471 15472 15498 15516 15538 15539 15552 15553 15555 15564 15565 15593 15597 15607 15640 15651 15661 15667 15675 15778 15781 15816 15835 15882 15887 15893 15894 15914 15918 15972 15981 16044 16045 16062 16063 16100 16105 16137 16144 16151 16168 16178 16180 16184 16186 16189 16193 16228 16230 16241 16253 16372 16387 16402 16436 16456 16471 16488 16508 16532 16536 16569 16609 16648 16721 16723 16730 
	}
	naval_terrain=water_deep_ocean
	weather={
	}
}
