
strategic_region={
	id=147
	name="Arctic Ocean"
	provinces={
		12744 12748 12763 12771 12805 12807 12815 12817 12820 12826 12840 12841 12854 12855 12862 12865 12870 12872 12873 12881 12882 12883 12886 12897 12903 12904 12905 12933 12941 12950 12953 12954 12955 12966 12970 12976 12987 12988 12991 13004 13013 13019 13030 13054 13065 13088 13095 13133 13136 13137 13141 13143 13145 13146 13148 13150 13157 13158 13161 13162 13179 13180 13196 13198 13200 13201 13222 13236 13238 13247 13250 13262 13263 13267 13274 13279 13289 13297 13301 13303 13305 13306 13317 13331 13332 13340 13343 13351 13357 13361 13370 13375 13387 13388 13430 13432 13452 13453 13457 13464 13466 13477 13491 13492 13494 13495 13504 13516 13517 13520 13527 13536 13541 13544 13555 13564 13569 13573 13574 13595 13610 13612 13615 13633 13651 13669 13671 13690 13697 13709 13714 13715 13722 13730 13731 13732 13750 13758 13768 13773 13782 13796 13800 13804 13812 13816 13820 13831 13833 13864 13866 13886 13894 13898 13921 13928 13935 13938 13939 13954 13955 13961 13970 13973 13980 13986 13990 13998 13999 14000 14001 14002 14003 14004 14005 14006 14007 14008 14009 14010 14011 14014 14016 
	}
	naval_terrain=water_deep_ocean
	weather={
	}
}
