
strategic_region={
	id=148
	name="Nunavut Archipelago"
	provinces={
		12828 12846 12851 12875 12888 12892 12930 12965 12967 12985 13009 13034 13076 13078 13114 13124 13155 13186 13204 13244 13256 13268 13271 13276 13277 13321 13326 13352 13391 13431 13437 13442 13451 13459 13474 13482 13487 13489 13503 13508 13510 13514 13525 13533 13543 13547 13554 13570 13571 13576 13600 13604 13624 13631 13637 13639 13643 13658 13659 13661 13699 13702 13736 13752 13760 13764 13769 13770 13787 13793 13795 13798 13805 13845 13849 13890 13902 13906 13915 13920 13933 13964 13968 13971 13993 13994 14013 14017 14018 14020 14021 14022 14023 14024 14025 14027 14031 14032 14034 14035 14039 14044 
	}
	naval_terrain=water_fjords
	weather={
	}
}
