
strategic_region={
	id=149
	name="Bering Sea"
	provinces={
		8244 8256 8259 8270 8275 8285 8295 8312 8325 8329 8361 8374 8401 8475 8503 8512 8518 8522 8536 8537 8546 8554 8558 8567 8570 8612 8618 8647 8651 8652 8662 8667 8669 8681 8704 8715 8734 8739 8745 8782 8784 8796 8809 8826 8828 8867 8888 8895 8916 8942 8968 9013 9075 9083 9092 9142 9144 9155 9164 9181 9203 9212 9216 9263 9282 9313 9328 9335 9348 9349 9447 9449 9469 9470 9490 9500 9539 9542 9550 9554 9562 9564 9569 9573 9662 
	}
	naval_terrain=water_shallow_sea
	weather={
	}
}
