
strategic_region={
	id=15
	name="Alaska"
	provinces={
		12 24 28 76 78 107 111 114 174 179 205 209 242 256 260 265 280 284 309 315 332 348 349 361 365 373 393 410 418 422 425 465 479 494 509 557 571 606 625 641 650 656 670 706 717 725 730 737 744 796 814 818 875 876 932 934 942 985 1041 1048 1054 1055 1090 1094 1099 1156 1167 1174 1189 1203 1208 1237 1245 1273 1327 1338 1355 1360 1399 1407 1413 1446 1450 1462 1476 1478 1512 1521 1531 1570 1578 1620 1673 1732 1797 1827 1885 1915 1960 2070 2121 2245 2260 2380 2663 2697 2820 2830 2860 2980 2991 3016 3186 3247 3255 3319 3326 3369 3592 3604 3618 3653 3708 3800 4060 4083 4421 4422 4427 4444 4446 4448 4449 4453 4455 4457 4460 4465 4469 4476 4477 4478 4479 4486 4487 4491 4493 4496 4504 4506 4512 4525 7941 7965 7991 7994 7995 7997 8001 8004 8005 8012 8013 8021 8022 8023 8024 8025 8027 8033 8034 8035 8036 8037 8038 8039 8040 8041 8042 8043 8044 8045 8046 8047 8048 8050 8054 8055 8056 8059 8069 8073 8076 8081 8082 8083 8086 8090 8092 8093 8094 9719 9897 9906 9917 9963 9967 9969 9975 9977 9983 9988 9989 9994 9996 10005 10006 10008 10011 10017 10018 10021 10023 10025 10027 10030 10034 10038 10039 
	}
	weather={
	}
}
