
strategic_region={
	id=150
	name="Alaskan Archapelago"
	provinces={
		1237 1512 1885 2663 3247 7994 8001 8004 8022 8023 8024 8025 8033 8036 8037 8040 8041 8043 8044 8045 8046 8047 8050 8054 8055 8056 8059 8069 8073 8076 8081 8082 8083 8086 8090 8092 8093 8094 8264 8339 8422 8449 8458 8460 8487 8552 8557 8571 8583 8638 8643 8653 8717 8762 8788 8798 8802 8825 8837 8880 8899 8920 8932 8945 8956 8988 8991 9006 9018 9080 9145 9193 9231 9241 9246 9258 9293 9326 9344 9390 9441 9443 9567 9576 9578 9581 9669 
	}
	naval_terrain=water_fjords
	weather={
	}
}
