
strategic_region={
	id=150
	name="Bering Sea"
	provinces={
		12755 12761 12767 12775 12783 12793 12821 12829 12839 12878 12885 12944 12947 12951 12952 12958 13032 13064 13077 13081 13089 13092 13100 13139 13174 13176 13231 13235 13260 13347 13356 13360 13379 13384 13389 13461 13463 13493 13518 13585 13587 13606 13607 13625 13675 13684 13693 13741 13742 13748 13767 13772 13803 13819 13837 13853 13858 13881 13934 13975 13981 13989 14012 14054 14058 
	}
	naval_terrain=water_shallow_sea
	weather={
	}
}
