
strategic_region={
	id=152
	name="Pacific Northwest"
	provinces={
		1231 1416 1855 2232 2413 2678 3141 3435 3751 4183 4351 4539 4620 4653 4660 8039 8048 8053 8057 8060 8061 8066 8071 8075 8080 8084 8085 8088 8095 8101 8102 8104 8105 8110 8112 8115 8241 8298 8605 8622 8666 8982 9027 9143 9223 9267 9402 9417 9455 9476 9579 9585 11284 11285 11286 11965 11967 11968 11969 11970 11972 11973 11975 11976 11977 11978 11979 11980 11981 11982 11988 11989 
	}
	naval_terrain=water_shallow_sea
	weather={
	}
}
