
strategic_region={
	id=167
	name="Mid-Atlantic"
	provinces={
		12752 12753 12768 12789 12790 12803 12809 12819 12864 12867 12869 12909 12924 12949 12956 12959 12962 12993 13007 13017 13022 13026 13035 13038 13043 13059 13093 13105 13108 13118 13123 13126 13134 13172 13178 13181 13183 13227 13233 13239 13240 13242 13265 13269 13284 13294 13299 13302 13316 13322 13348 13367 13385 13395 13401 13408 13414 13445 13456 13462 13485 13522 13529 13537 13553 13575 13583 13592 13593 13599 13602 13617 13619 13622 13647 13653 13700 13706 13719 13725 13739 13792 13823 13854 13870 13873 13901 13914 13930 13937 13963 13974 13979 14072 14073 14077 14089 14112 
	}
	naval_terrain=water_deep_ocean
	weather={
	}
}
