
strategic_region={
	id=169
	name="Nunavut Archapelago"
	provinces={
		8262 8309 8337 8385 8416 8443 8470 8499 8507 8526 8533 8547 8562 8591 8616 8617 8625 8631 8632 8645 8648 8665 8668 8670 8690 8699 8700 8702 8709 8720 8728 8808 8811 8816 8827 8832 8836 8840 8852 8857 8861 8863 8868 8871 8875 8877 8887 8917 8936 8941 8944 8973 8980 8983 8986 8989 8992 9009 9012 9016 9017 9021 9022 9073 9086 9102 9108 9129 9135 9152 9171 9174 9177 9183 9184 9196 9197 9201 9205 9206 9209 9211 9214 9218 9219 9229 9237 9248 9251 9261 9266 9268 9276 9285 9291 9303 9311 9318 9324 9327 9334 9338 9351 9355 9362 9363 9364 9365 9381 9382 9383 9386 9391 9397 9422 9428 9429 9434 9436 9442 9465 9477 9479 9489 9512 9525 9529 9530 9531 9532 9533 9534 9535 9536 9537 9540 9541 9543 9544 9545 9547 9551 9557 9558 9559 9560 9563 9571 
	}
	naval_terrain=water_fjords
	weather={
	}
}
