
strategic_region={
	id=171
	name="Arctic Ocean"
	provinces={
		8240 8242 8245 8267 8280 8284 8294 8315 8320 8327 8330 8342 8344 8353 8358 8364 8371 8387 8391 8396 8398 8406 8415 8418 8448 8450 8459 8464 8468 8476 8478 8480 8481 8489 8491 8493 8497 8505 8524 8525 8543 8559 8572 8576 8580 8592 8598 8606 8626 8628 8634 8636 8640 8650 8658 8694 8703 8707 8708 8712 8718 8738 8760 8765 8769 8770 8780 8793 8799 8803 8805 8812 8818 8843 8848 8849 8859 8874 8879 8900 8903 8905 8907 8910 8928 8934 8937 8938 8943 8951 8954 8963 8987 8990 9001 9010 9023 9026 9031 9038 9047 9054 9070 9071 9082 9097 9099 9106 9112 9120 9122 9125 9132 9133 9141 9154 9160 9170 9176 9186 9202 9207 9213 9215 9239 9279 9287 9306 9307 9331 9343 9346 9360 9379 9387 9398 9408 9411 9457 9473 9484 9491 9498 9504 9506 9507 9514 9515 9516 9517 9518 9519 9520 9521 9522 9523 9526 9527 9528 
	}
	naval_terrain=water_deep_ocean
	weather={
	}
}
