
strategic_region={
	id=2
	name="Labrador"
	provinces={
		218 283 415 503 584 832 849 856 1061 1089 1107 1180 1235 1312 1401 1597 1812 1999 2224 2235 2315 2419 2496 2542 2615 2627 2631 2974 3038 3151 3377 3382 3466 3526 3539 3626 3656 3872 3890 3980 3987 4038 4065 4066 4262 4270 4274 4324 4332 4405 4432 4518 4556 4573 4587 4599 4605 4615 4787 4851 4927 4933 4949 4955 4984 5041 5080 5081 5152 5194 5227 5472 5541 5546 5563 5679 5828 5894 5904 5917 6042 6160 6164 6201 6616 6625 6695 6759 6874 6892 7072 7073 7083 8647 8710 8762 8794 8808 8846 8897 8903 8945 8957 8992 9095 9178 9214 9255 9265 9274 9308 9315 9327 9347 9365 9366 9372 9381 9386 9387 9388 9389 9395 9404 9405 9412 9431 9442 9448 9449 9450 9453 9454 9464 9477 9478 9483 9492 9497 9507 9513 9522 9523 9524 9532 9533 9538 9539 9545 9546 9553 9559 9560 9565 9566 9571 9572 9580 9589 9590 9596 9607 9621 9622 9628 9632 9635 9642 9650 9654 9655 9674 9686 9687 9693 9701 9720 9727 9735 9736 9737 9743 9753 9754 9764 9771 9772 9779 9780 9785 9791 9797 9803 9804 9806 9807 9826 9827 9832 9865 9897 12519 12530 12536 12538 12539 12558 12567 12572 
	}
	weather={
	}
}
