
strategic_region={
	id=23
	name="New York"
	provinces={
		52 255 398 580 612 658 902 928 1271 1292 1421 1473 1670 1692 1694 1907 2435 2483 2713 2836 3170 3309 3383 3541 3610 3665 3845 3900 4023 4122 4165 4960 4974 4995 5010 5022 5048 5062 5064 5078 5083 5088 5091 5100 5103 5104 5134 5135 5155 5174 5175 5183 5195 5199 5201 5205 5213 5217 5344 5360 8139 10243 10245 10246 10247 10248 10249 10893 10899 10904 10905 10913 10919 10920 10921 10923 10927 10928 10934 10937 10941 10944 10951 10953 10960 10984 10988 11052 11054 11057 11060 11061 11064 11065 11066 11067 11068 11073 11074 11076 11077 11079 11082 11084 11085 11086 11087 11089 11090 11091 11092 11093 11097 11098 11100 11101 11106 11107 11108 11111 11113 11468 11708 11711 11714 11715 11716 11719 11720 11746 11759 11761 11776 11794 11807 11808 11809 11810 11811 11812 11815 11826 11831 11853 11854 11864 11867 11873 11878 11888 11889 11895 11898 11906 11908 11910 
	}
	weather={
	}
}
