
strategic_region={
	id=31
	name="Michigan"
	provinces={
		366 564 699 704 736 811 884 971 1029 1546 1655 1761 1924 1934 2160 2206 2257 2268 2369 2400 2425 2751 2848 2858 2891 2910 2946 2968 3060 3108 3230 3287 3332 3361 3400 3548 3709 3776 4036 4120 4253 4745 4778 4783 4787 4801 4805 4828 4841 4846 4851 4870 4911 4940 4959 4999 5002 5025 5046 5049 5073 5075 5102 5116 5120 5132 5153 5154 5158 5171 5198 5215 5231 5242 8130 8131 8134 10344 10504 10538 10593 11037 11049 11058 11059 11063 11070 11095 11096 11103 11104 11464 11465 11466 11469 11470 11507 11778 11785 11786 11787 11788 11797 11799 11800 11802 11813 11814 11822 11825 11833 11839 11840 11841 11842 11848 11851 11852 11865 
	}
	weather={
	}
}
