
strategic_region={
	id=41
	name="Alabama"
	provinces={
		34 754 858 940 1590 1609 1640 1755 1887 1894 2166 2167 2419 2524 2727 2895 2959 3096 3097 3110 3325 3395 3414 3459 3528 3606 3621 3662 3685 3714 3721 3760 3770 3773 3783 3846 3855 4182 4198 4225 4245 4261 6251 6265 6284 6293 6308 6332 6333 6344 6366 6386 6391 6417 6434 6438 6451 6460 6485 6499 6505 6508 6532 6533 6544 6562 6570 6585 6618 6628 6633 6655 6656 6671 6697 6701 6707 6708 6721 6736 6742 6748 6754 6774 6828 6852 10269 10276 10486 10513 10514 10515 10516 10517 10591 10592 10594 10597 10642 10643 10644 11404 
	}
	weather={
	}
}
