
strategic_region={
	id=50
	name="Kansas"
	provinces={
		142 180 293 324 459 644 709 877 921 929 1016 1227 1251 1272 1310 1313 1545 1634 1642 1777 1783 1883 1897 1956 2039 2071 2152 2305 2439 2475 2503 2506 2608 2652 2658 2972 2990 3033 3081 3156 3253 3286 3296 3439 3487 3540 3608 3676 3940 3979 4131 4220 4283 4301 4313 4356 4369 5471 5472 5478 5481 5490 5491 5500 5501 5506 5507 5519 5533 5534 5538 5542 5543 5544 5566 5567 5570 5580 5591 5606 5607 5612 5621 5633 5636 5637 5652 5655 5663 5669 5677 5678 5681 5682 5683 5689 5700 5721 5728 5729 5738 5739 5749 5755 5761 5762 5769 5776 5789 5796 5797 5804 5805 5806 5820 5828 5829 5832 5840 5841 5845 5846 5854 5860 5863 5866 5870 5874 5886 5888 10523 10555 10754 10757 10763 10767 10787 10788 10790 10792 10798 10799 10800 10809 11435 11444 11559 11560 11685 
	}
	weather={
	}
}
