
strategic_region={
	id=52
	name="South Dakota"
	provinces={
		202 237 307 353 388 561 836 883 1082 1198 1236 1303 1491 1623 1626 1723 1803 1881 1918 2041 2231 2339 2462 2471 2536 2592 2604 2614 2631 2725 2921 2929 3026 3031 3055 3065 3112 3216 3262 3269 3412 3464 3865 3889 3913 4095 4240 4302 4325 4339 4842 4860 4881 4882 4890 4905 4906 4909 4939 4941 4947 4948 4966 4989 4993 4998 5008 5012 5018 5019 5028 5029 5054 5055 5061 5071 5072 5076 5079 5090 5093 10219 10226 10238 10610 11131 11139 11148 11155 11160 11162 11165 11180 11183 11184 11198 11199 11203 11473 11474 11477 11566 
	}
	weather={
	}
}
