
strategic_region={
	id=57
	name="STRATEGICREGION_57"
	provinces={
		28 44 82 118 129 177 183 188 207 256 270 273 364 424 432 458 471 474 479 486 495 582 597 633 646 699 801 817 849 888 889 890 896 900 958 963 976 984 997 1018 1074 1098 1113 1180 1242 1317 1333 1343 1351 1422 1447 1486 1501 1528 1549 1609 1614 1646 1723 1727 1733 1795 1806 1903 1951 1976 1984 1997 2028 2042 2057 2059 2062 2108 2111 2127 2135 2141 2148 2286 2293 2323 2382 2394 2449 2542 2561 2580 2587 2618 2632 2644 2653 2741 2744 2749 2784 2787 2793 2818 2836 2914 2915 2937 2980 3027 3030 3035 3049 3110 3112 3157 3213 3221 3240 3242 3248 3256 3299 3302 3312 3361 3369 3391 3399 3418 3422 3435 3458 3524 3561 3606 3625 3665 3683 3695 3735 3763 3871 3880 3890 3897 3911 3923 3976 4017 4021 4048 4063 4121 4125 4131 4179 4290 4304 4310 4352 4355 4398 4438 4443 4477 4494 4547 4551 4569 4602 4626 4672 4673 4710 4771 4827 4872 4892 4914 4937 4976 4986 4998 5040 5044 5091 5101 5103 5141 5154 5281 5284 5290 5300 5355 5361 5382 5389 5403 5427 5440 5451 5453 5479 5500 5514 5561 5584 5690 5716 5723 5725 5727 5734 5741 5755 5808 5859 5891 5901 5936 5943 5959 5968 5980 6024 6025 6096 6116 6175 6199 6270 6271 6275 6286 6288 6309 6310 6372 6417 6515 6592 6605 6626 6636 6663 6742 6777 6845 6891 6903 6909 6944 6946 6975 6979 6983 7005 7039 7090 7093 7094 7115 7152 7196 7210 7219 7256 7275 7288 7296 7320 7399 7412 7418 7463 7472 7494 7612 7615 7678 7703 7708 7717 7770 7789 7809 7819 7841 7878 7911 7993 8042 8080 8091 8103 8196 8206 8214 8232 8234 11890 11935 11957 11966 11979 11999 12014 12029 12035 12036 12038 12042 12060 12067 12071 12072 12087 12090 12093 12099 12102 12115 12116 12121 12122 12126 12143 12148 12155 12162 12163 12166 12170 12174 12184 12194 12195 12208 12213 12214 12224 12225 12247 12250 12253 12254 12265 12283 12295 12296 12304 12307 12311 12323 12324 12325 12329 12334 12347 12348 12353 12363 12364 12365 12377 12390 12391 12392 12393 12396 12397 12398 12405 12407 12413 12414 12420 12437 12438 12443 12448 12456 12461 12463 12469 12476 12478 12489 12490 12491 12492 12497 12501 12502 12509 12518 12519 12520 12531 12547 12548 12549 12550 12551 12557 12558 12560 12568 12581 12582 12583 12584 12596 12597 12604 12612 12616 12623 12624 12628 12637 12639 12645 12649 12650 12653 12663 12667 12668 12674 12681 12685 12688 12689 12690 12697 12700 12703 12709 12710 12714 12717 12721 12722 12726 12736 12737 12740 12753 12762 12763 12766 12770 12777 12787 12795 12799 12802 12812 12813 12830 12837 12838 12842 12843 12866 12876 12886 12887 12903 12910 12911 12918 12925 12933 12934 12935 12942 12967 12977 12987 12995 12996 13001 13008 13030 13035 13038 13052 13059 13064 13070 13100 13108 13115 13133 13136 13159 13169 13177 13198 13205 13209 13219 13224 13234 13249 13253 13258 13259 13261 13269 13276 13290 13298 13328 13368 13372 13377 13395 13403 13411 13431 17009 
	}
	weather={
	}
}
