
strategic_region={
	id=58
	name="Arizona"
	provinces={
		87 712 790 839 908 979 1008 1097 1187 1209 1289 1291 1461 1465 1489 1552 1662 1672 1743 1778 1872 1923 2046 2059 2075 2084 2117 2137 2143 2225 2248 2354 2368 2434 2487 2514 2590 2630 2664 2667 2682 2694 2700 2701 2705 2718 2720 2761 2768 2778 2806 2817 2854 2943 3054 3159 3199 3291 3295 3343 3365 3386 3403 3421 3438 3490 3526 3649 3660 3737 3756 3842 3862 3891 3903 3915 4024 4052 4091 4098 4265 4290 4305 4315 4366 5898 5909 5910 5924 5925 5933 5934 5962 5968 5980 5981 5994 6002 6015 6019 6034 6044 6056 6060 6067 6072 6088 6092 6107 6117 6121 6126 6131 6132 6135 6143 6144 6162 6169 6178 6188 6189 6196 6208 6218 6224 6232 6237 6247 6255 6280 6285 6296 6305 6312 6318 6326 6327 6336 6341 6351 6362 6373 6387 6419 6427 6446 6464 6465 6469 6470 6471 6486 6498 6504 6512 6513 6519 6526 6541 6542 6545 6551 6563 6564 6580 6581 6587 6597 6601 6615 6621 6623 6635 6636 6640 6645 6649 6664 6676 6677 6683 6703 6709 10267 10510 10571 10572 10577 10578 10580 10606 10609 10611 10612 10613 10616 11553 
	}
	weather={
	}
}
