
strategic_region={
	id=60
	name="Idaho"
	provinces={
		158 252 381 397 452 533 632 655 780 800 817 975 993 996 1026 1033 1259 1371 1484 1516 1754 1824 2023 2125 2286 2349 2394 2460 2470 2490 2511 2539 2563 2649 2781 2797 2894 2922 3204 3312 3496 3518 3559 3563 3666 3687 3814 3852 3923 4012 4704 4740 4754 4761 4826 4855 4873 4898 4929 4932 4951 4962 4964 4977 4979 4983 4985 4992 5001 5011 5015 5059 5063 5074 5085 5086 5106 5112 5117 5160 5165 5166 5169 5177 5178 5188 5192 5196 5207 10199 10230 10244 11114 11120 11122 11126 11127 11133 11134 11135 11138 11142 11143 11146 11147 11149 11151 11917 11932 
	}
	weather={
	}
}
