
strategic_region={
	id=62
	name="Oregon"
	provinces={
		197 563 716 746 760 837 851 863 867 959 991 1018 1037 1115 1127 1188 1261 1380 1492 1525 1547 1847 1848 1926 1949 1977 2135 2239 2250 2252 2321 2453 2532 2594 2599 2621 2743 2760 2808 2835 2892 2906 2945 3062 3066 3106 3171 3225 3234 3251 3342 3418 3595 3634 3723 3727 3894 3953 3978 4084 4186 4189 4208 4233 4343 4872 4879 4888 4889 4901 4915 4917 4921 4937 4946 4950 4961 4976 4978 4987 4991 5004 5007 5021 5027 5036 5039 5051 5052 5058 5069 5081 5084 5089 5101 5110 5111 5121 5129 5130 5141 5142 5147 5148 5159 5164 5184 5186 5187 5202 5203 5204 5218 10240 10242 10250 10541 10549 10699 11153 11154 11156 11159 11189 11192 11193 11209 11211 11212 11214 11478 11483 11484 11485 11486 
	}
	weather={
	}
}
