
strategic_region={
	id=69
	name="STRATEGICREGION_69"
	provinces={
		74 88 199 453 774 969 1564 1624 1630 1845 2064 2110 2226 2256 2340 2398 2631 2844 3237 3303 3355 3499 3647 3879 3998 4000 4062 4217 4353 4354 4383 4427 4447 4574 4594 4653 4685 4751 4847 4977 4995 4997 5035 5225 5280 5320 5397 5550 5556 5706 5816 5950 6191 6210 6293 6315 6358 6382 6455 6469 6478 6480 6485 6576 6861 6920 6926 7012 7023 7038 7042 7103 7130 7199 7255 7643 7679 7837 7902 8013 8025 8082 8190 14747 14753 14762 14771 14774 14779 14784 14787 14790 14796 14797 14811 14817 14821 14833 14834 14837 14846 14847 14851 14854 14857 14860 14862 14864 14866 14867 14870 14876 14877 14878 14879 14888 14892 14894 14896 14901 14905 14908 14914 14919 14926 14927 
	}
	weather={
	}
}
