
strategic_region={
	id=70
	name="STRATEGICREGION_70"
	provinces={
		41 47 109 171 226 245 344 394 507 545 550 596 670 760 795 938 1042 1051 1182 1324 1358 1393 1643 1654 1660 1692 1703 1734 1776 1816 1822 1888 1927 2033 2107 2123 2194 2247 2330 2350 2390 2435 2492 2532 2626 2659 2695 2738 2740 2779 2942 2944 3082 3249 3308 3314 3377 3403 3494 3622 3637 3678 3720 3766 3811 3820 3909 3912 4018 4056 4103 4137 4168 4317 4474 4506 4708 4820 4927 4954 5090 5107 5353 5449 5454 5520 5598 5631 5632 5644 5672 5865 5892 5967 5995 6080 6233 6463 6492 6532 6642 6840 6857 7110 7207 7241 7267 7397 7450 7484 7682 7778 7806 7966 8027 8045 8078 8117 8148 8185 8235 14749 14751 14752 14754 14757 14759 14761 14764 14765 14767 14768 14769 14770 14772 14773 14776 14777 14778 14780 14781 14782 14783 14785 14788 14789 14791 14793 14794 14798 14799 14800 14802 14803 14804 14805 14808 14809 14812 14813 14814 14815 14818 14819 14820 14822 14825 14827 14828 14829 14831 14836 14838 14839 14841 14842 14843 14844 14845 14848 14849 14850 14855 14856 14858 14859 14861 14865 14868 14869 14871 14873 14874 14875 14880 14882 14885 14886 14890 14895 14899 14906 14907 14909 14910 14911 14920 14924 15405 15406 15407 15409 
	}
	weather={
	}
}
