
strategic_region={
	id=8
	name="Manitoba"
	provinces={
		113 163 268 290 299 350 379 387 434 437 456 477 506 546 552 560 669 678 713 912 937 1011 1024 1066 1152 1294 1315 1321 1390 1415 1522 1576 1604 1624 1656 1677 1856 1889 1893 1962 2036 2040 2080 2233 2296 2332 2362 2466 2517 2527 2588 2636 2644 2712 2973 3196 3493 3533 3542 3574 3710 3739 4026 4103 4196 4205 4495 4497 4505 4508 4510 4511 4520 4522 4540 4541 4551 4567 4576 4577 4586 4605 4606 4612 4638 4646 7998 8014 8051 8063 8077 8078 8089 8096 8097 9676 9680 9684 9690 9695 9708 9709 9711 9752 9768 9782 9806 9807 9808 9809 10022 10032 10041 10043 10045 10049 10050 10053 10056 10065 10070 10075 10076 10077 10081 10082 10085 10095 10097 10098 10102 10103 10132 10137 10140 10158 10565 11294 11295 11296 11297 11298 11299 11300 11301 11302 11303 11304 11305 11306 
	}
	weather={
	}
}
