1 2 2428 6603 
2 4 2999 3040 11145 11132 
1 5 11132 11130 11901 11894 2196 
1 7 11118 11116 11109 11099 11879 11872 2196 
1 6 11118 5065 5031 3591 11158 11163 
1 5 11163 10640 4990 11171 11177 
1 10 11246 11244 11953 4776 4791 4775 331 4854 11943 11220 
1 3 3969 886 1062 
1 5 1062 522 1591 11599 11598 
1 4 11598 4831 3249 3107 
1 4 3107 4329 11597 11595 
1 9 3969 1695 4762 4715 2282 2124 4738 862 2047 
1 9 11202 11936 11937 4891 11940 11938 11939 11213 11220 
1 6 11202 11196 10505 3508 4935 2304 
1 14 2304 4949 4181 2648 3858 11916 5050 11140 11476 11137 11129 11125 11899 2672 
1 10 4181 4968 4916 4883 2073 3058 4818 3145 2488 4227 
1 13 4227 4266 1279 3887 3056 2163 4681 4668 1356 433 2699 2024 3210 
1 7 3210 3959 4732 2656 4744 4751 11243 
1 16 2699 864 3352 2111 92 3515 4652 2417 4647 4649 2036 669 4646 11994 11295 11299 
1 10 11299 11297 4638 1856 4026 2362 1024 11304 11303 10565 
1 7 10565 11301 546 4640 2522 1562 11312 
1 8 11323 11322 4277 3876 93 783 11308 11310 
1 18 783 4613 4608 3807 4616 3388 4622 3073 2452 4139 4648 3746 1967 4611 4327 11999 11314 11316 
1 18 11316 11317 12000 3601 1816 2115 2100 1860 3930 110 588 4644 2159 3238 4645 640 11293 11290 
1 19 640 2637 30 1306 4588 1585 1616 1382 4534 3454 2123 1839 869 1648 717 4060 12011 11342 11338 
1 6 11346 11345 2445 887 12014 12011 
1 17 11353 11352 12016 12015 265 1203 3255 1446 1531 2380 641 3186 2121 78 4496 12013 12011 
1 2 11346 11347 
1 8 11335 11332 12006 258 4562 1096 11319 11316 
1 2 11312 11310 
