1 1201 
1 2262 
1 2577 
1 2606 
1 4160 
1 4299 
1 5081 
1 6560 
1 10392 
1 10463 
1 10491 
1 10522 
1 10524 
1 10535 
1 10538 
1 10545 
1 10556 
1 10564 
1 10568 
1 10580 
1 10593 
1 10594 
1 10598 
1 10608 
1 10611 
1 10619 
1 10621 
1 10632 
1 10633 
1 10642 
1 10649 
1 10659 
1 10662 
1 10669 
1 10670 
1 10671 
1 10679 
1 10698 
1 10700 
1 10701 
1 10726 
1 10733 
1 10745 
1 10748 
1 10750 
1 10753 
1 10757 
1 10759 
1 10762 
1 10770 
1 10776 
1 10778 
1 10789 
1 10791 
1 10792 
1 10794 
1 10800 
1 10810 
1 10814 
1 10816 
1 10826 
1 10830 
1 10845 
1 10848 
1 10866 
1 10873 
1 10886 
1 10892 
1 10905 
1 10908 
1 10915 
1 10935 
1 10962 
1 10965 
1 10967 
1 10992 
1 11003 
1 11007 
1 11025 
1 11032 
1 11053 
1 11074 
1 11075 
1 11076 
1 11083 
1 11087 
1 11095 
1 11101 
1 11110 
1 11117 
1 11120 
1 11129 
1 11139 
1 11143 
1 11160 
1 11163 
1 11175 
1 11177 
1 11183 
1 11185 
1 11186 
1 11196 
1 11203 
1 11208 
1 11211 
1 11228 
1 11234 
1 11243 
1 11245 
1 11246 
1 11251 
1 11261 
1 11271 
1 11275 
1 11282 
1 11285 
1 11290 
1 11299 
1 11303 
1 11310 
1 11316 
1 11323 
1 11328 
1 11335 
1 11338 
1 11346 
1 11353 
1 11364 
1 11389 
1 11399 
1 11401 
1 11407 
1 11421 
1 11432 
1 11443 
1 11447 
1 11449 
1 11452 
1 11455 
1 11463 
1 11476 
1 11478 
1 11480 
1 11483 
1 11487 
1 11490 
1 11504 
1 11512 
1 11517 
1 11520 
1 11526 
1 11530 
1 11532 
1 11534 
1 11537 
1 11561 
1 11572 
1 11595 
1 11599 
1 11602 
1 11757 
