
state={
	id=1
	name="Labrador"

	history={
		owner = LAB
		buildings = {
			infrastructure = 1

		}
		add_core_of = LAB

	}

	provinces={
		44 162 270 439 541 593 688 752 779 856 1643 1896 2175 2638 2825 2880 3009 3064 3410 3597 3747 3777 4310 4354 4628 4637 4656 4657 4661 4664 4685 4696 4703 4710 4719 4734 4739 4763 4769 4773 8091 8099 8100 8106 8107 8108 8114 8119 8122 8124 10184 10191 10197 10200 10362 10791 11262 11264 11267 11270 11272 11273 11494 
	}
	manpower=1
	buildings_max_level_factor=1.000
	state_category=wasteland
	local_supplies=0.000
}
