
state={
	id=1
	name="Quebec"
	provinces={
		2 7 8 39 52 115 135 177 180 198 214 246 249 296 327 336 339 347 361 369 377 417 428 442 456 466 477 490 502 504 532 539 548 576 599 612 622 638 645 650 664 671 715 716 720 731 734 747 764 769 828 839 973 974 976 992 1013 1060 1067 1068 1096 1104 1123 1127 1146 1172 1181 1184 1192 1193 1195 1199 1212 1257 1259 1261 1276 1282 1287 1317 1350 1355 1365 1382 1409 1441 1447 1489 1536 1556 1557 1593 1607 1615 1634 1638 1649 1660 1680 1692 1696 1708 1711 1737 1764 1767 1777 1778 1819 1830 1909 1919 1923 1940 1946 1984 1985 1989 1990 2003 2057 2067 2069 2079 2082 2085 2109 2138 2191 2206 2210 2232 2248 2263 2270 2299 2323 2335 2339 2344 2348 2352 2360 2367 2398 2404 2413 2424 2431 2463 2491 2503 2506 2526 2536 2581 2604 2670 2675 2684 2697 2710 2720 2731 2802 2809 2834 2844 2852 2858 2870 2898 2901 2908 2958 2970 2973 2977 2983 2984 2994 3007 3010 3028 3030 3032 3062 3074 3080 3090 3156 3159 3187 3195 3209 3211 3215 3222 3262 3264 3282 3314 3318 3325 3330 3333 3363 3372 3406 3412 3432 3467 3489 3513 3520 3525 3537 3551 3580 3588 3601 3652 3654 3672 3674 3678 3682 3708 3732 3742 3762 3768 3769 3778 3799 3806 3825 3838 3851 3854 3875 3941 3944 3950 3978 3985 3990 4005 4027 4041 4045 4052 4057 4063 4064 4070 4078 4079 4098 4115 4146 4155 4160 4164 4173 4189 4198 4207 4208 4212 4225 4230 4243 4253 4266 4267 4272 4275 4280 4286 4303 4322 4328 4339 4342 4357 4367 4377 4411 4440 4452 4467 4476 4484 4499 4503 4508 4513 4548 4563 4566 4568 4613 4617 4658 4666 4672 4673 4682 4702 4709 4747 4770 4771 4783 4795 4807 4812 4816 4825 4830 4835 4842 4859 4860 4876 4887 4917 4918 4970 4979 4987 4988 4992 4998 5011 5025 5027 5050 5057 5059 5086 5089 5101 5106 5127 5134 5159 5183 5198 5205 5210 5212 5218 5225 5237 5242 5261 5276 5293 5304 5309 5311 5318 5337 5340 5342 5351 5364 5366 5372 5374 5385 5429 5435 5449 5506 5507 5509 5549 5568 5576 5586 5594 5597 5615 5626 5627 5646 5654 5656 5668 5680 5684 5686 5698 5714 5720 5733 5737 5755 5793 5801 5811 5832 5867 5872 5877 5883 5901 5918 5924 5938 5956 5959 5979 5989 5992 5997 6036 6048 6064 6073 6082 6097 6099 6104 6116 6119 6129 6146 6155 6172 6191 6193 6194 6197 6210 6253 6261 6295 6300 6334 6336 6373 6405 6410 6419 6433 6442 6449 6458 6461 6468 6471 6477 6504 6531 6546 6555 6557 6570 6600 6627 6630 6653 6656 6662 6675 6684 6686 6699 6700 6721 6738 6741 6810 6813 6819 6822 6829 6837 6838 6844 6846 6851 6855 6868 6884 6895 6900 6921 6928 6934 6958 6967 6981 6993 7025 7037 7050 7059 7062 7070 7121 8416 8423 8435 8448 8466 8491 8497 8509 8514 8526 8528 8529 8539 8554 8565 8566 8571 8574 8575 8576 8583 8601 8612 8613 8615 8616 8617 8629 8640 8646 8660 8671 8679 8688 8689 8704 8705 8706 8709 8715 8738 8751 8757 8767 8775 8776 8787 8792 8793 8800 8802 8805 8806 8807 8827 8828 8843 8845 8849 8856 8859 8866 8867 8868 8887 8888 8889 8893 8894 8895 8906 8914 8917 8924 8925 8926 8938 8943 8951 8966 8970 8971 8981 8988 8991 9002 9003 9007 9008 9009 9024 9042 9047 9048 9049 9054 9055 9062 9066 9088 9089 9090 9092 9100 9106 9110 9114 9115 9119 9120 9123 9136 9137 9142 9147 9150 9156 9157 9163 9165 9171 9172 9174 9175 9176 9177 9180 9183 9188 9193 9196 9197 9199 9205 9206 9211 9212 9213 9220 9221 9225 9226 9234 9235 9236 9237 9238 9248 9249 9278 9279 9280 9285 9286 9294 9307 9314 9321 9324 9325 9326 9341 9345 9346 9351 9362 9363 9364 9376 9377 9378 9384 9385 9394 9402 9403 9426 9430 9433 9435 9436 9441 9444 9447 9452 9463 9476 9494 9495 9496 9500 9505 9506 9512 9530 9531 9551 9552 9564 9579 9587 9588 9603 9606 9611 9615 9619 9620 9630 9631 9638 9641 9660 9661 9664 9665 9666 9671 9685 9692 9702 9703 9708 9714 9725 9726 9734 9752 9758 9763 9769 9770 9790 9802 9810 9811 9814 9815 9816 9817 9821 9824 9825 9837 9842 9847 9848 9849 9850 9859 9862 9863 9864 9874 9875 9876 9877 9881 9887 9895 9896 9902 9903 9909 9910 9911 9915 9917 9918 9919 9920 9921 9922 9927 9932 9933 9934 9935 9936 9938 9940 9946 9947 9953 9954 9959 9960 9965 9966 9970 9978 9979 9984 9985 9986 9987 9988 9996 9997 10006 10007 10013 10017 10019 10020 10022 10031 10032 10033 10034 10036 10037 10041 10042 10057 10063 10067 10068 10073 10074 10075 10079 10080 10082 10091 10093 10094 10095 10098 10109 10110 10111 10117 10121 10127 10128 10131 10132 10133 10138 10139 10143 10150 10151 10154 10169 10170 10176 10181 10182 10188 10191 10192 10193 10197 10203 10207 10214 10219 10235 10241 10249 10252 10253 10254 10258 10259 10267 10272 10283 10284 10285 10296 10302 10306 10310 10311 10317 10324 10325 10326 10331 10337 10338 10339 10343 10356 10364 10365 10366 10367 10375 10376 10381 10382 10393 10398 10399 10407 10419 10427 10429 10430 10435 10438 10439 10440 10446 10447 10458 10462 10481 10482 10484 10489 10492 10515 10525 10532 10540 10544 10558 10564 10565 10571 10578 10579 10584 10590 10595 10618 10631 10632 10634 10657 10681 10688 10695 10702 10715 10732 10745 10746 10797 10800 10805 10819 12596 12616 12618 12619 12621 12630 12631 
	}
	
	}
}
