
state={
	id=1043
	name="Eastern Greenlandic Shelf"

	history={
		owner = GRN
		buildings = {
			infrastructure = 0

		}
		add_core_of = GRN

	}

	provinces={
		10 15 32 41 63 64 67 68 70 95 99 105 120 134 167 170 175 188 240 254 274 276 285 305 318 330 333 338 354 409 414 430 448 472 511 512 514 536 538 600 721 782 785 794 909 952 988 999 1032 1126 1144 1228 1320 1410 1486 1541 1597 1611 1641 1667 1992 2020 2130 2164 2265 2276 2376 2433 2542 2624 2645 2674 2846 2872 2987 3149 3299 3571 3707 3761 3859 4000 4371 4372 4373 4378 4384 4390 4392 4393 4400 4401 4402 4408 4417 4441 
	}
	manpower=1
	buildings_max_level_factor=1.000
	state_category=wasteland
	local_supplies=0.000
	impassable = yes
}
