state={
	id=1044
	name="Western Greenlandic Shelf"
	history={
		owner = GRN
		buildings = {
			infrastructure = 0

		}
		add_core_of = GRN

	}
	provinces={
		3 56 88 112 123 168 181 184 227 281 296 316 326 352 372 377 394 463 473 520 565 607 616 651 654 663 689 715 723 724 743 773 835 880 923 964 1028 1058 1158 1169 1196 1267 1282 1353 1370 1377 1378 1420 1485 1613 1711 1719 1765 1845 1994 2037 2098 2107 2176 2223 2238 2328 2562 2651 2814 2824 2986 3236 3258 3502 3921 4168 4376 4377 4381 4382 4385 4389 4395 4403 4407 4428 4436 4451 4472 
	}
	manpower=1
	buildings_max_level_factor=1.000
	local_supplies=0.000
	state_category = wasteland
	impassable = yes
}
