
state={
	id=11
	name="British Columbia"

	history={
		owner = BCB
		buildings = {
			infrastructure = 1

		}
		add_core_of = BCB

	}

	provinces={
		30 42 58 110 115 204 217 245 253 336 438 442 450 481 537 543 578 588 640 646 671 791 857 869 887 896 901 916 917 1005 1013 1014 1052 1053 1059 1083 1130 1142 1143 1186 1191 1204 1232 1235 1254 1306 1322 1339 1382 1395 1396 1408 1424 1453 1565 1585 1616 1648 1722 1816 1839 1860 1938 1988 2009 2042 2099 2100 2115 2123 2141 2159 2217 2375 2382 2390 2451 2479 2480 2637 2738 2804 2856 3151 3160 3179 3183 3238 3302 3454 3551 3607 3650 3735 3839 3930 3990 4156 4215 4276 4280 4300 4500 4519 4524 4527 4534 4548 4549 4553 4558 4560 4569 4578 4587 4588 4610 4621 4624 4644 4645 4659 8074 10002 10007 10046 10055 10059 10068 10125 10136 10152 10176 11288 11289 11290 11291 11292 11293 
	}
	manpower=1
	buildings_max_level_factor=1.000
	state_category=wasteland
	local_supplies=0.000
}
