
state={
	id=12
	name="Nunavut"

	history={
		owner = NUN
		buildings = {
			infrastructure = 1

		}
		add_core_of = NUN

	}

	provinces={
		17 45 83 96 103 135 136 194 226 238 259 261 275 291 306 360 364 390 468 485 493 502 549 566 676 677 680 682 707 708 727 778 824 833 861 881 922 1045 1049 1081 1102 1109 1155 1200 1216 1295 1300 1312 1428 1515 1520 1733 1822 2003 2212 2253 2465 2513 2528 2564 2586 2847 2967 3004 3182 3331 3911 4434 4438 4439 4445 4450 4458 4459 4461 4463 4467 4471 4480 4488 9703 9739 9773 9796 9845 9857 9862 9867 9871 9873 9882 9883 9884 9889 9890 9891 9892 9893 9894 9895 9896 9898 9899 9900 9901 9902 9903 9904 9905 9908 9911 9914 9915 9916 9918 9919 9921 9922 9923 9932 9933 9937 9938 9941 9942 9944 9945 9949 9950 9952 9953 9955 9959 9960 9961 9962 9964 9968 9970 9971 9972 9973 9979 9980 9981 9986 11359 11360 11500 
	}
	manpower=1
	buildings_max_level_factor=1.000
	state_category=wasteland
	local_supplies=0.000
}
