
state={
	id=142
	name="Nunavut Archtic Archipelago"

	history={
		owner = NUN
		buildings = {
			infrastructure = 1

		}
		add_core_of = NUN

	}

	provinces={
		2 5 9 19 53 61 100 101 117 121 130 145 148 153 244 262 271 282 301 339 343 344 363 382 400 446 466 478 500 508 513 515 521 531 534 555 583 590 611 619 623 692 703 763 768 776 799 801 868 892 913 1038 1047 1073 1129 1154 1176 1179 1181 1210 1234 1263 1277 1293 1364 1404 1483 1497 1535 1553 1583 1628 1683 1705 1710 1727 1728 1830 1841 1974 2005 2087 2182 2218 2523 2695 2833 2845 2934 3017 3075 3090 3298 3424 3567 3673 3696 3799 3843 4101 4270 4272 4374 4375 4379 4380 4383 4386 4387 4388 4397 4398 4399 4406 4412 4418 4420 4425 4431 4433 7824 7826 7831 7835 7841 7842 7844 7845 7846 7850 7851 7853 7855 7857 7858 7859 7860 7861 7862 7863 7865 7868 7869 7870 7872 7873 7874 7887 7891 7894 7896 7898 7899 7900 7904 7905 7907 7908 7912 7914 7915 7916 7917 7922 7924 7926 7930 7931 7932 7933 7934 7936 7937 7939 9841 9844 9846 9847 9849 9850 9851 9852 9853 9854 9855 9856 9858 9859 9860 9861 9863 9864 9866 9868 9869 9870
	}
	manpower=1
	buildings_max_level_factor=1.000
	state_category=wasteland
	local_supplies=1.000
}
