
state={
	id=143
	name="Nunavut Archipelago"

	history={
		owner = NUN
		buildings = {
			infrastructure = 1

		}
		add_core_of = NUN

	}

	provinces={
		16 37 74 75 182 192 298 467 470 568 581 628 631 634 740 918 939 977 980 982 1043 1079 1161 1299 1332 1349 1367 1425 1592 1745 1757 1769 1779 1782 2151 2246 2748 3153 3417 3573 3694 3732 3861 3928 4289 4410 4426 4440 4442 4452 4462 4464 7881 7883 7901 7902 7909 7911 7918 7920 7923 7925 7929 7938 7940 7943 7944 7945 7947 7948 7954 7958 7961 7962 7963 7964 7966 7967 7968 7969 7970 7971 7972 7974 7981 7983 7984 7993 8002 9683 9747 9769 9790 9791 9865 9930 9842 9843 9840
	}
	manpower=1
	buildings_max_level_factor=1.000
	state_category=wasteland
}
