state={
	id=152
	name="Greenland Coastal Islands"
	history={
		owner = GRN
		buildings = {
			infrastructure = 1

		}
		add_core_of = GRN

	}
	provinces={
		94 954 984 7819 7820 7822 7823 7827 7828 7829 7830 7832 7833 7834 7836 7837 7839 7840 7843 7847 7848 7852 7854 7864 7866 7867 7871 7876 7877 7878 7879 7880 7882 7884 7885 7886 7889 7890 7895 7919 7921 7928 7946 7949 7950 7951 7952 7953 7955 7956 7957 7959 7985 7986 7988 7989 7992 7996 7935 7821 7825 7897 
	}
	manpower=1
	buildings_max_level_factor=1.000
	state_category = wasteland
}
