
state={
	id=16
	name="Greenland"

	history={
		owner = GRN
		buildings = {
			infrastructure = 1

		}
		add_core_of = GRN

	}

	provinces={
		3 10 15 20 32 41 56 63 64 66 67 68 69 70 88 94 95 99 105 112 120 123 134 137 139 151 167 168 170 175 177 181 184 188 191 193 195 208 216 227 240 246 254 274 276 281 285 296 303 304 305 310 316 318 326 329 330 333 338 352 354 355 357 372 377 394 401 409 414 426 428 430 448 461 463 472 473 503 511 512 514 517 518 520 536 538 556 565 600 602 607 616 618 651 654 663 689 690 715 721 723 724 743 773 782 785 794 819 820 822 823 828 835 859 873 880 909 923 930 952 954 956 957 964 967 968 984 988 999 1007 1028 1032 1058 1063 1074 1077 1103 1113 1123 1126 1131 1144 1149 1158 1169 1196 1228 1238 1257 1267 1275 1282 1320 1335 1353 1370 1374 1377 1378 1410 1420 1422 1423 1434 1485 1486 1539 1541 1597 1611 1613 1631 1641 1667 1681 1701 1711 1719 1726 1765 1823 1845 1851 1946 1992 1994 2014 2020 2037 2098 2106 2107 2113 2130 2139 2146 2150 2164 2176 2223 2238 2264 2265 2266 2276 2280 2324 2328 2361 2376 2433 2529 2542 2562 2624 2645 2651 2674 2707 2739 2814 2824 2846 2851 2853 2859 2872 2886 2986 2987 3034 3146 3149 3236 3258 3299 3502 3569 3571 3644 3707 3761 3859 3921 3945 4000 4168 4371 4372 4373 4376 4377 4378 4381 4382 4384 4385 4389 4390 4391 4392 4393 4395 4396 4400 4401 4402 4403 4407 4408 4411 4413 4416 4417 4423 4428 4430 4432 4436 4441 4451 4454 4470 4472 4474 7819 7820 7822 7823 7827 7828 7829 7830 7832 7833 7834 7836 7837 7839 7840 7843 7847 7848 7852 7854 7864 7866 7867 7871 7875 7876 7877 7878 7879 7880 7882 7884 7885 7886 7889 7890 7895 7919 7921 7927 7928 7946 7949 7950 7951 7952 7953 7955 7956 7957 7959 7985 7986 7988 7989 7992 7996 
	}
	manpower=1
	buildings_max_level_factor=1.000
	state_category=wasteland
}
