
state={
	id=23
	name="New York"

	history={
		owner = NYN
		buildings = {
			infrastructure = 1

		}
		add_core_of = NYN

	}

	provinces={
		52 255 398 580 612 658 902 1271 1292 1421 1694 1907 3170 3309 3541 3610 3665 3845 3900 4023 4122 4165 4960 4974 4995 5010 5022 5048 5062 5078 5083 5088 5091 5100 5103 5135 5155 5174 5175 5195 5199 5201 5205 5213 8139 10243 10245 10246 10247 10248 10249 11068 11073 11076 11079 11082 11084 11085 11086 11087 11089 11090 11091 11092 11093 11097 11098 11100 11101 11106 11107 11108 11111 11113 11468 
	}
	manpower=1
	buildings_max_level_factor=1.000
	state_category=wasteland
	local_supplies=1.000
}
