
state={
	id=24
	name="Pennsylvania"

	history={
		owner = PAP
		buildings = {
			infrastructure = 1

		}
		add_core_of = PAP

	}

	provinces={
		91 402 585 802 898 1146 1159 1676 1704 1716 1836 1944 1961 2227 2262 2484 2494 2689 2800 2850 2933 2993 3184 3211 3300 3661 3733 4107 4178 5216 5226 5232 5234 5256 5263 5264 5266 5280 5281 5292 5302 5306 5307 5311 5314 5336 5339 5350 5359 5374 5375 5408 5429 5434 5435 5444 5464 5479 5487 5496 10714 10869 10874 10876 10879 10881 10886 10888 10889 10900 10909 10910 10911 10924 10925 10926 11008 11014 11452 
	}
	manpower=1
	buildings_max_level_factor=1.000
	state_category=wasteland
	
	local_supplies=1.000
}
