
state={
	id=3
	name="Québec"

	history={
		owner = QBC
		buildings = {
			infrastructure = 1

		}
		add_core_of = QBC

	}

	provinces={
		1 18 50 65 80 86 116 131 132 138 149 178 190 199 266 269 292 300 302 314 323 331 345 367 441 443 476 486 487 492 496 497 505 510 530 548 554 575 622 637 652 681 683 695 697 700 701 722 748 757 781 803 862 890 927 936 947 963 990 992 995 1001 1012 1036 1042 1095 1107 1117 1121 1164 1171 1183 1184 1193 1258 1270 1290 1296 1297 1301 1337 1340 1357 1365 1384 1436 1456 1471 1472 1477 1505 1518 1559 1563 1567 1568 1571 1580 1594 1602 1603 1607 1632 1668 1687 1697 1735 1758 1772 1774 1787 1792 1825 1840 1870 1895 1905 1912 1951 1975 1980 1993 2025 2028 2047 2064 2105 2108 2124 2148 2183 2200 2220 2255 2282 2295 2322 2352 2372 2377 2388 2393 2404 2416 2418 2442 2472 2489 2525 2543 2555 2561 2569 2580 2587 2598 2620 2634 2655 2766 2769 2776 2788 2832 2876 2908 2912 2925 2942 2956 2997 3074 3139 3165 3175 3191 3219 3283 3355 3370 3377 3425 3481 3485 3531 3544 3546 3564 3589 3593 3628 3654 3659 3675 3684 3805 3817 3874 3890 3893 3895 3992 4022 4069 4078 4096 4129 4241 4242 4246 4255 4274 4344 4355 4484 4489 4490 4494 4498 4515 4516 4518 4526 4528 4531 4535 4546 4554 4557 4564 4570 4571 4574 4582 4589 4591 4592 4594 4595 4600 4602 4603 4609 4614 4615 4617 4618 4619 4623 4627 4633 4635 4650 4658 4663 4667 4670 4672 4675 4677 4678 4679 4683 4688 4690 4691 4694 4699 4702 4707 4708 4713 4721 4724 4725 4726 4738 4741 4768 4771 4775 4776 4791 4794 4802 4806 4813 4822 4824 4838 4847 4854 4868 4891 4897 8006 8064 8065 8067 8098 8113 8118 8120 8121 8123 8132 8133 9699 9748 9776 9778 9810 9999 10000 10014 10016 10024 10026 10035 10037 10042 10044 10047 10048 10051 10052 10054 10057 10058 10060 10086 10087 10090 10094 10096 10099 10100 10105 10106 10110 10111 10112 10113 10114 10116 10118 10120 10123 10126 10133 10134 10135 10139 10146 10147 10149 10150 10151 10154 10155 10156 10160 10162 10164 10165 10168 10170 10171 10172 10173 10174 10177 10178 10179 10180 10181 10182 10183 10188 10189 10190 10192 10194 10207 10209 10210 10211 10217 10218 11200 11201 11202 11204 11205 11206 11207 11208 11210 11213 11219 11220 11244 11249 11246 11250 10605
	}
	manpower=1
	buildings_max_level_factor=1.000
	state_category=wasteland
	local_supplies=0.000
}
