
state={
	id=30
	name="Ohio"

	history={
		owner = OHO
		buildings = {
			infrastructure = 1

		}
		add_core_of = OHO

	}

	provinces={
		668 733 1134 1688 1963 2033 2142 2267 2333 2384 2653 2676 2686 2789 2874 2944 3177 3346 3389 3623 3841 3906 4047 4226 4282 5250 5270 5273 5274 5301 5319 5323 5334 5366 5367 5371 5389 5401 5413 5418 5425 5442 5443 5459 5463 5493 5508 5535 5539 5546 5557 5559 5565 5578 5583 5592 5593 5614 10816 10817 10821 10824 10825 10828 10831 10842 10843 10848 10853 10859 10860 10864 10866 10868 10871 10875 10947 10948 10952 10958 10959 10967 10973 10974 10975 10976 10992 
	}
	manpower=1
	buildings_max_level_factor=1.000
	state_category=wasteland
	local_supplies=1.000
}
