
state={
	id=33
	name="Kentucky"

	history={
		owner = KYK
		buildings = {
			infrastructure = 1

		}
		add_core_of = KYK

	}

	provinces={
		109 362 392 480 770 1696 2000 2185 2444 2478 2670 2805 3071 3078 3104 3272 3316 3603 3712 3818 3931 4147 4320 4346 5643 5685 5686 5702 5725 5726 5727 5731 5777 5784 5798 5808 5813 5823 5835 5836 5842 5843 5849 5857 5861 5877 5887 5889 5890 5893 5894 5895 5922 5944 5945 5946 5973 10320 10477 10479 10532 10564 10717 10742 10743 10749 10750 10751 10756 10759 10760 10765 10766 10768 10771 11434 11437 11438 11532 11533 
	}
	manpower=1
	buildings_max_level_factor=1.000
	state_category=wasteland
	
	local_supplies=1.000
}
