
state={
	id=34
	name="Illinois"

	history={
		owner = ILI
		buildings = {
			infrastructure = 1

		}
		add_core_of = ILI

	}

	provinces={
		60 71 171 198 488 577 666 684 950 1252 1391 1432 1636 1831 1891 1978 2088 2103 2205 2251 2261 2374 2568 2726 2903 2939 2979 3037 3103 3133 3313 3467 3619 3632 3833 3892 3922 4067 4085 4206 4211 4228 4258 5170 5173 5225 5248 5261 5262 5300 5310 5330 5364 5377 5391 5395 5412 5422 5423 5452 5457 5462 5467 5468 5473 5502 5515 5521 5526 5527 5545 5563 5568 5571 5589 5639 5657 5665 5671 5684 5701 5724 5733 5750 5783 5822 10461 10473 10501 10508 10522 10569 10651 10780 10782 10870 10872 10873 10966 10972 10990 10991 11000 11007 11010 11028 11043 11450 11459 11460 11498 11505 
	}
	manpower=1
	buildings_max_level_factor=1.000
	state_category=wasteland
	local_supplies=0.000
}
