
state={
	id=35
	name="Wisconsin"
	history={
		owner = WIW
		buildings = {
			infrastructure = 1
		}
		add_core_of = WIW
	}
	manpower=1
	state_category=wasteland
	provinces={
		359 371 411 933 1004 1075 1342 1388 1756 1815 1935 1998 2370 2406 2412 2558 2596 2671 2988 3023 3138 3214 3311 3387 3431 3575 3611 3745 3781 3801 3964 4043 4200 4297 4782 4793 4820 4834 4856 4861 4866 4875 4878 4896 4907 4910 4913 4918 4925 4943 4945 4952 4973 4981 4984 4994 5014 5017 5030 5043 5045 5098 5123 5127 5128 5152 10233 10235 
	}
	
	buildings_max_level_factor=1.000
}
