
state={
	id=36
	name="North Carolina"

	history={
		owner = NCN
		buildings = {
			infrastructure = 1

		}
		add_core_of = NCN

	}

	provinces={
		55 102 154 236 483 613 777 900 919 1122 1400 1707 1813 2048 2585 2642 2704 2714 3084 3087 3122 3144 3197 3275 3357 3381 3629 3763 3813 3824 3836 3920 3995 4006 4081 4169 4210 4358 5990 6000 6008 6010 6013 6021 6022 6038 6039 6040 6043 6049 6053 6055 6065 6082 6085 6086 6102 6112 6113 6114 6125 6134 6140 6141 6142 6147 6148 6149 6157 6161 6172 6194 6195 6202 6203 6204 6211 6216 6217 6236 6253 6260 6261 6268 6275 6288 6295 6311 6324 6335 8144 8145 8146 8147 10658 10661 10662 10674 10677 10678 10679 10682 10684 10685 10687 10688 11580 
	}
	manpower=1
	buildings_max_level_factor=1.000
	state_category=wasteland
	
	local_supplies=1.000
}
