state={
	id=38
	name="Georgia"
	history={
		owner = GAG
		buildings = {
			infrastructure = 1
		}
		add_core_of = GAG
	}
	manpower=1
	state_category=wasteland
	provinces={
		325 495 617 974 994 1178 1354 1401 1454 1645 1720 1818 1838 1900 1959 1986 2168 2197 2340 2550 2600 2650 2728 2775 2791 2871 2881 3018 3024 3039 3114 3174 3237 3308 3327 3329 3510 3778 3919 4049 4061 4102 4199 4229 4236 4275 4288 4317 6245 6266 6278 6303 6309 6334 6349 6360 6396 6418 6423 6424 6431 6452 6453 6461 6468 6479 6500 6522 6523 6554 6559 6575 6583 6586 6594 6613 6629 6644 6660 6663 6672 6679 6689 6690 6704 6719 6724 6730 6731 6755 6762 6769 6785 6797 
	}
	
}
