state={
	id=39
	name="Tennessee"
	history={
		owner = TNT
		buildings = {
			infrastructure = 1
		}
		add_core_of = TNT
	}
	manpower=1
	state_category=wasteland
	provinces={
		648 720 838 914 1086 1092 1195 1199 1440 1610 1718 1724 1834 2016 2289 2383 2708 2741 2884 2965 3008 3113 3164 3368 3411 3415 3506 3626 3667 3754 3899 4010 4218 5966 5983 5989 5998 5999 6007 6012 6017 6031 6032 6036 6037 6042 6054 6058 6064 6075 6079 6080 6099 6100 6101 6106 6111 6119 6124 6146 6155 6156 6160 6167 6182 6192 6193 6200 6201 6210 6215 6221 
	}
	
}
