
state={
	id=40
	name="Florida"

	history={
		owner = FLF
		buildings = {
			infrastructure = 1

		}
		add_core_of = FLF

	}

	provinces={
		26 155 427 1098 1124 1451 1452 1496 1550 1703 2132 2216 2288 2323 2330 2675 2734 2803 2869 2873 2907 2919 2948 3030 3094 3116 3123 3264 3324 3497 3566 3614 3636 3752 3832 3849 4136 4160 4167 4322 4362 6788 6805 6809 6816 6817 6821 6833 6834 6837 6842 6853 6854 6855 6860 6861 6862 6871 6878 6883 6891 6894 6903 6904 6917 6921 6937 6938 6945 6956 6968 6972 6998 7002 7003 7024 7045 7046 7063 7065 7073 7075 7088 7092 7098 7104 7115 7124 7131 7145 7151 7158 7161 7162 7174 7179 7190 7200 7219 7220 7239 7241 7259 7261 9729 10289 10291 10293 10294 10392 10435 10436 10437 10438 10439 10440 10441 10442 10443 10446 10447 10450 10451 10453 10454 10455 10482 10484 10489 10502 10506 10511 11376 11377 11378 11384 11387 11389 11391 11501 11502 11508 11509 11517 
	}
	manpower=1
	buildings_max_level_factor=1.000
	state_category=wasteland
	
	local_supplies=1.000
}
