
state={
	id=43
	name="Minnesota"

	history={
		owner = MNM
		buildings = {
			infrastructure = 1

		}
		add_core_of = MNM

	}

	provinces={
		49 108 144 340 504 589 660 679 694 747 769 795 806 1302 1581 1764 1773 1925 2008 2068 2079 2131 2318 2320 2407 2501 2609 2656 2710 2947 2955 3000 3208 3488 3742 3959 3966 4132 4174 4190 4718 4723 4732 4744 4749 4751 4760 4786 4833 4843 4869 4893 4919 4933 4942 4967 4980 5009 5013 5016 5034 5037 5038 5041 5042 10201 10213 10214 10221 10471 10604 10617 11075 11152 11161 11166 11181 11182 11185 11186 11190 11242 11243 11248 11479 11480 11482 11496 
	}
	manpower=1
	buildings_max_level_factor=1.000
	state_category=wasteland
	local_supplies=0.000
}
