
state={
	id=45
	name="Missouri"

	history={
		owner = MOM
		buildings = {
			infrastructure = 1

		}
		add_core_of = MOM

	}

	provinces={
		620 726 766 998 1140 1205 1220 1243 1381 1467 1708 1753 1828 1854 1940 1958 1971 2021 2091 2149 2373 2385 2437 2459 2560 2625 2745 2758 2815 2977 3011 3220 3315 3317 3372 3449 3463 3513 3679 3750 3810 3835 3848 3883 3958 4124 4217 4312 5400 5407 5411 5432 5433 5451 5466 5482 5492 5520 5558 5581 5600 5613 5629 5630 5638 5653 5656 5664 5670 5693 5715 5716 5732 5756 5765 5770 5771 5782 5790 5807 5812 5821 5824 5833 5847 5848 5855 5856 5871 5875 5876 5882 5892 5900 5921 5931 5943 5951 5952 5954 5955 5977 5978 5979 5988 6052 10725 10730 10731 10733 10739 10741 10785 10786 10789 10793 10794 10795 10796 10802 10804 10806 10807 11439 11440 11441 11442 11443 11446 
	}
	manpower=1
	buildings_max_level_factor=1.000
	state_category=wasteland
	local_supplies=0.000
}
