
state={
	id=46
	name="Arkansas"

	history={
		owner = ARA
		buildings = {
			infrastructure = 1

		}
		add_core_of = ARA

	}

	provinces={
		322 455 882 1023 1323 1444 1819 1973 2158 2194 2207 2247 2309 2350 2395 2403 2463 2516 2706 2763 2783 2862 2883 2901 2916 3117 3221 3282 3429 3486 3557 3627 3704 3825 4007 4141 4191 4251 4296 4335 4350 5986 6005 6006 6030 6063 6070 6098 6109 6110 6127 6139 6153 6154 6181 6185 6191 6214 6243 6250 6258 6273 6301 6306 6322 6330 6347 6348 6370 6371 6375 6390 6405 6416 6430 6437 6450 6458 6459 6473 6478 6484 6495 6496 10645 10649 10654 10655 10656 10660 10663 10669 10672 10673 10696 10697 10701 10707 10708 11415 11423 11581 
	}
	manpower=1
	buildings_max_level_factor=1.000
	state_category=wasteland
	local_supplies=0.000
}
