
state={
	id=48
	name="Texas"

	history={
		owner = TXT
		buildings = {
			infrastructure = 1

		}
		add_core_of = TXT

	}

	provinces={
		6 11 213 263 287 419 420 558 731 774 844 855 860 893 931 965 1009 1010 1050 1069 1125 1139 1147 1160 1185 1201 1255 1265 1278 1287 1344 1363 1389 1394 1398 1418 1460 1466 1475 1495 1498 1513 1540 1560 1564 1588 1612 1630 1644 1651 1658 1725 1734 1738 1801 1833 1853 1866 1871 1877 1908 1917 1966 1970 1972 1976 1995 2004 2029 2043 2044 2153 2155 2174 2204 2214 2224 2263 2294 2308 2325 2356 2371 2378 2401 2408 2410 2420 2428 2486 2509 2548 2565 2567 2571 2581 2668 2722 2723 2737 2756 2782 2794 2821 2823 2837 2855 2878 2900 2917 2926 2940 2941 2951 2976 2989 3010 3021 3048 3088 3089 3115 3124 3125 3143 3157 3172 3180 3200 3215 3218 3227 3231 3243 3260 3263 3274 3375 3382 3384 3385 3396 3407 3413 3416 3452 3461 3474 3476 3494 3504 3505 3514 3524 3527 3553 3568 3609 3616 3645 3670 3686 3690 3692 3698 3753 3759 3795 3809 3822 3882 3910 3929 3954 3967 3972 3977 3998 4002 4018 4028 4030 4034 4035 4037 4038 4062 4068 4077 4109 4110 4126 4149 4152 4162 4175 4221 4232 4239 4249 4268 4314 4319 4331 5995 5996 6020 6026 6027 6029 6046 6050 6051 6074 6091 6097 6133 6165 6175 6180 6227 6234 6239 6240 6241 6256 6257 6287 6297 6328 6343 6353 6355 6364 6368 6379 6384 6389 6395 6402 6403 6404 6415 6429 6432 6436 6443 6448 6449 6457 6466 6467 6474 6476 6482 6483 6487 6492 6493 6494 6507 6515 6534 6535 6536 6537 6547 6548 6553 6556 6561 6567 6568 6569 6572 6573 6574 6578 6579 6582 6584 6591 6603 6605 6606 6612 6614 6631 6642 6643 6650 6651 6652 6657 6662 6666 6667 6668 6669 6673 6674 6675 6678 6685 6686 6691 6692 6693 6694 6695 6698 6699 6705 6706 6710 6711 6712 6713 6716 6723 6726 6727 6728 6733 6734 6740 6741 6745 6746 6749 6750 6751 6756 6760 6766 6767 6768 6770 6773 6776 6777 6783 6784 6786 6792 6793 6794 6800 6801 6802 6804 6807 6811 6812 6815 6818 6822 6823 6831 6832 6836 6841 6843 6844 6845 6848 6858 6864 6867 6869 6870 6875 6876 6881 6884 6888 6889 6900 6901 6909 6920 6927 6928 6933 6934 6935 6936 6943 6947 6948 6951 6954 6955 6961 6963 6964 6969 6970 6971 6978 6980 6982 6987 6991 6992 6996 6997 7004 7006 7007 7008 7020 7021 7022 7023 7030 7031 7032 7049 7051 7057 7062 7071 7072 7078 7080 7081 7101 7128 7142 7144 7163 7178 8157 8161 8163 8165 8166 8168 8169 10281 10456 10459 10460 10464 10465 10466 10468 10469 10474 10490 10491 10493 10494 10495 10499 10524 10526 10528 10529 10530 10552 10553 10561 10566 10568 10573 10576 10581 10615 11379 11380 11381 11382 11402 11510 11511 11512 11513 11514 11515 11519 11520 11521 11523 11524 11525 11579 
	}
	manpower=1
	buildings_max_level_factor=1.000
	state_category=wasteland
	local_supplies=0.000
}
