state={
	id=49
	name="Oklahoma"
	history={
		owner = OKO
		buildings = {
			infrastructure = 1
		}
		add_core_of = OKO
	}
	manpower=1
	state_category=wasteland
	provinces={
		72 327 334 351 524 539 1093 1206 1304 1507 1510 1569 1617 1647 1785 1952 1982 1997 2119 2138 2179 2219 2222 2307 2315 2389 2431 2482 2512 2673 2711 2865 2928 3127 3162 3235 3268 3301 3320 3350 3404 3405 3646 3677 3775 3786 3794 3872 4019 4146 4151 4171 4180 4223 4318 5905 5906 5911 5916 5939 5940 5941 5942 5948 5949 5950 5960 5964 5965 5972 5985 5987 5997 6004 6009 6011 6035 6041 6047 6048 6062 6069 6078 6081 6083 6084 6105 6123 6138 6159 6166 6176 6190 6199 6209 6220 6228 6229 6242 6263 6272 6281 6282 6292 6315 6316 6319 6320 6329 6338 6339 6356 6357 6369 6374 6380 6409 6410 10273 
	}
	
}
