
state={
	id=53
	name="North Dakota"

	history={
		owner = NDN
		buildings = {
			infrastructure = 1

		}
		add_core_of = NDN

	}

	provinces={
		133 295 532 667 687 705 728 751 1088 1118 1132 1221 1229 1246 1274 1324 1325 1706 1746 1850 1852 2109 2473 2553 2572 2733 2811 2961 3070 3406 3437 3478 3741 3963 4235 4666 4673 4682 4698 4700 4706 4709 4722 4731 4735 4756 4758 4767 4781 4785 4817 4827 4829 10202 10203 10206 10608 11239 11241 11256 11258 11281 11282 11283 11490 11491 11492 11573 
	}
	manpower=1
	buildings_max_level_factor=1.000
	state_category=wasteland
	local_supplies=0.000
}
