
state={
	id=55
	name="Colorado"

	history={
		owner = COC
		buildings = {
			infrastructure = 1

		}
		add_core_of = COC

	}

	provinces={
		33 90 412 529 601 603 718 732 1070 1116 1218 1225 1249 1260 1350 1351 1359 1419 1548 1555 1605 1665 1810 1911 2030 2034 2114 2147 2162 2177 2326 2346 2392 2461 2533 2538 2606 2696 2746 2771 2981 3101 3105 3128 3136 3178 3188 3250 3254 3428 3434 3444 3447 3594 3631 3642 3648 3697 3705 3715 3743 3935 3939 3960 3965 3974 4001 4044 4106 4114 4140 4155 4157 4166 4267 4299 4307 4347 5335 5341 5353 5355 5356 5357 5380 5385 5386 5394 5399 5410 5415 5428 5430 5439 5456 5465 5484 5485 5486 5489 5505 5511 5514 5518 5529 5541 5552 5556 5561 5562 5569 5588 5594 5595 5605 5610 5611 5620 5635 5642 5650 5651 5661 5662 5668 5673 5680 5692 5699 5707 5708 5713 5714 5720 5736 5737 5753 5754 5760 5779 5780 5781 5787 5788 5794 5795 5802 5803 5811 5819 5827 5831 5852 5853 5869 5873 5881 5884 5885 10329 10805 10808 10812 10814 10815 10846 10850 10857 10863 10865 10867 10880 10895 10901 10907 10915 11448 11449 11451 11453 
	}
	manpower=1
	buildings_max_level_factor=1.000
	state_category=wasteland
	
	local_supplies=1.000
}
