
state={
	id=57
	name="Montana"

	history={
		owner = MTM
		buildings = {
			infrastructure = 1

		}
		add_core_of = MTM

	}

	provinces={
		27 140 156 203 230 267 399 457 574 691 772 784 865 870 895 911 941 958 962 986 1056 1067 1166 1253 1368 1499 1538 1572 1575 1593 1700 1739 1767 1802 1809 1874 1933 2095 2145 2198 2291 2300 2302 2504 2566 2622 2646 2647 2684 2692 2716 2752 2793 3003 3006 3129 3161 3205 3209 3256 3335 3408 3480 3499 3633 3657 3700 3736 3784 3864 3871 3975 3976 4076 4244 4665 4680 4684 4692 4705 4711 4717 4720 4728 4742 4743 4748 4750 4755 4766 4770 4774 4777 4779 4780 4784 4795 4807 4811 4812 4840 4844 4845 4849 4850 4858 4859 4874 4877 4880 4885 4892 4895 4899 4908 4912 4938 10204 10205 10208 10220 10483 10724 11072 11215 11217 11218 11222 11223 11224 11228 11229 11230 11231 11232 11233 11234 11235 11236 11237 11238 11240 11245 11261 11265 11266 11269 11487 11488 11489 
	}
	manpower=1
	buildings_max_level_factor=1.000
	state_category=wasteland
	
	local_supplies=1.000
}
