
state={
	id=59
	name="Utah"

	history={
		owner = UTU
		buildings = {
			infrastructure = 1

		}
		add_core_of = UTU

	}

	provinces={
		4 14 23 62 128 741 1031 1040 1239 1269 1334 1375 1392 1433 1504 1595 1600 1653 1731 1741 1842 1844 1846 2157 2189 2221 2405 2411 2497 2582 2627 2640 2730 2810 2864 2962 3002 3079 3155 3278 3323 3341 3360 3529 3703 3711 3717 3808 3854 3884 3944 3985 4070 4080 4112 4170 4243 4294 4341 4342 5244 5254 5272 5303 5308 5309 5313 5318 5331 5340 5361 5368 5379 5398 5409 5420 5427 5446 5449 5455 5470 5480 5499 5504 5509 5510 5516 5517 5525 5532 5536 5537 5560 5573 5587 5604 5609 5618 5619 5626 5634 5641 5649 5667 5688 5706 5712 5719 5735 5767 5768 5772 5793 5800 5801 5816 5818 5859 5868 5880 8142 9763 9767 10252 10258 10261 10740 10744 10882 10883 10884 10885 10887 10890 10891 10894 10906 10914 
	}
	manpower=1
	buildings_max_level_factor=1.000
	state_category=wasteland
	local_supplies=0.000
}
