
state={
	id=63
	name="Washington"

	history={
		owner = WAW
		buildings = {
			infrastructure = 1

		}
		add_core_of = WAW

	}

	provinces={
		25 48 233 482 567 696 866 1020 1101 1108 1768 1910 1983 2012 2038 2050 2287 2344 2510 2654 2702 2799 2834 3014 3193 3484 3558 3596 3738 3779 3831 3834 3850 3879 3902 3999 4158 4676 4689 4697 4714 4716 4727 4729 4753 4789 4792 4804 4809 4810 4823 4837 10193 10198 10734 10745 10747 10813 11216 11221 11225 11226 11227 11247 11251 11252 11253 11254 11255 11257 11259 11260 11263 11268 11271 11274 11275 11276 11277 11278 11279 11280 11287 11493 11495 
	}
	manpower=1
	buildings_max_level_factor=1.000
	state_category=wasteland
	
	local_supplies=1.000
}
