
state={
	id=64
	name="California"

	history={
		owner = CAC
		buildings = {
			infrastructure = 1

		}
		add_core_of = CAC

	}

	provinces={
		31 43 79 157 232 247 272 313 380 408 413 440 475 630 698 714 729 789 888 948 955 981 1111 1120 1137 1153 1197 1385 1417 1448 1482 1488 1511 1542 1637 1650 1663 1671 1730 1762 1771 1789 1794 1869 1888 1898 1931 1942 1947 1950 1955 1979 1981 2053 2122 2341 2432 2438 2476 2505 2575 2602 2607 2619 2680 2693 2715 2719 2735 2742 2785 2843 2857 2863 2899 2918 2954 3050 3072 3076 3093 3118 3119 3154 3201 3212 3224 3277 3289 3347 3363 3373 3402 3419 3455 3462 3469 3472 3501 3507 3509 3622 3701 3757 3812 3815 3826 3838 3909 3917 3949 3956 3968 3997 4054 4056 4099 4130 4150 4185 4197 4257 4309 4332 4363 5221 5227 5235 5265 5275 5283 5293 5315 5328 5345 5354 5372 5378 5381 5396 5397 5414 5436 5445 5476 5494 5497 5531 5540 5550 5572 5574 5575 5585 5598 5599 5602 5617 5624 5646 5672 5679 5697 5704 5710 5742 5743 5744 5745 5759 5766 5773 5786 5791 5834 5839 5844 5858 5865 5879 5897 5902 5908 5918 5927 5928 5929 5932 5959 5991 5992 6023 6024 6033 6059 6066 6071 6076 6077 6087 6103 6104 6115 6120 6128 6130 6150 6151 6168 6173 6177 6183 6186 6205 6206 6207 6212 6222 6223 6230 6231 6244 6254 6262 6269 6270 6279 6299 6313 6314 6325 6340 6350 6361 6367 6377 6378 6393 6398 6413 6414 6421 6425 6435 6439 6440 6455 6463 6489 6509 6511 6518 6524 6525 6550 6555 6560 8148 8149 8150 8151 8152 8153 8154 10254 10256 10257 10260 10277 10567 10570 10579 10583 10584 10586 10614 10619 10620 10622 10629 10630 10631 10639 10715 10727 10728 10729 10735 10736 10737 10738 10746 10748 10753 10774 10775 10778 10779 10783 10784 11430 
	}
	manpower=1
	buildings_max_level_factor=1.000
	state_category=wasteland
	local_supplies=0.000
}
