
state={
	id=69
	name="Coahuila"

	history={
		owner = COA
		buildings = {
			infrastructure = 1

		}
		add_core_of = COA

	}

	provinces={
		176 241 535 626 661 808 810 1065 1226 1316 1487 1557 1669 1804 2051 2118 2237 2364 2500 2754 2839 2852 2966 2994 3057 3100 3261 3265 3359 3391 3534 3683 3771 3785 3941 3961 4009 4090 4271 4292 4328 4334 6942 6977 6981 6986 7001 7013 7026 7037 7038 7043 7048 7055 7056 7059 7061 7064 7066 7067 7079 7086 7093 7100 7107 7109 7119 7120 7122 7135 7139 7140 7150 7160 7164 7165 7169 7180 7182 7183 7191 7199 7209 7216 7227 7229 7230 7246 7248 7249 7258 
	}
	manpower=1
	buildings_max_level_factor=1.000
	state_category=wasteland
	local_supplies=1.000
}
