
state={
	id=76
	name="Jalisco"

	history={
		owner = JAL
		buildings = {
			infrastructure = 1

		}
		add_core_of = JAL

	}

	provinces={
		183 1163 1250 1443 1543 1649 1680 1843 2019 2140 2254 2348 2549 2629 2807 2992 3038 3223 3322 3565 3681 4004 7401 7404 7414 7424 7436 7437 7440 7451 7459 7471 7474 7487 7488 7489 7496 7499 7502 7510 7517 7521 7528 7530 7531 7549 10300 10398 10399 10400 10401 10402 10403 10404 10405 10406 10407 10408 
	}
	manpower=1
	buildings_max_level_factor=1.000
	state_category=wasteland
	
	local_supplies=1.000
}
