
state={
	id=830
	name="Eeupi Istchee"

	history={
		owner = QCQ
		buildings = {
			infrastructure = 1

		}
		add_core_of = QCQ

	}

	provinces={
		50 80 132 269 314 367 443 487 492 510 554 652 700 757 781 927 936 947 992 1001 1042 1297 1340 1357 1471 1567 1697 2064 2200 2220 2442 2489 2580 2788 2912 2997 3481 3544 3564 3628 3675 3874 3893 3992 4484 4489 4515 4518 4526 4535 4546 4554 4557 4570 4571 4592 4595 8064 8067 9699 9999 10000 10014 10016 10024 10026 10035 10037 10042 10047 10052 10054 10058 10090 10096 10099 10100 10105 10106 10110 10111 10112 10113 10114 10116 10118 10120 10123 10126 
	}
	manpower=500
	buildings_max_level_factor=1.000
	state_category=wasteland
	local_supplies=0.000
}
